4.63 93.97 113.04 0.00 0.00 1.00 0.00 0.00 0.00
3.72 87.43 112.85 0.00 0.00 1.00 12.40 0.00 0.00
2.82 80.88 112.66 0.00 0.00 1.00 12.40 0.00 0.00
1.91 74.33 112.47 0.00 0.00 1.00 12.40 0.00 0.00
1.01 67.79 112.28 0.00 0.00 1.00 12.40 0.00 0.00
0.10 61.24 112.09 0.00 0.00 1.00 12.40 0.00 0.00
0.01 51.02 110.47 0.00 0.00 1.00 19.40 0.00 0.00
-0.07 40.80 108.85 0.00 0.00 1.00 19.40 0.00 0.00
-0.16 30.58 107.23 0.00 0.00 1.00 19.40 0.00 0.00
-0.24 20.36 105.61 0.00 0.00 1.00 19.40 0.00 0.00
-0.33 10.14 103.99 0.00 0.00 1.00 19.40 0.00 0.00
9.24 10.28 105.38 0.00 0.00 1.00 18.13 0.00 0.00
18.81 10.43 106.77 0.00 0.00 1.00 18.13 0.00 0.00
28.38 10.58 108.16 0.00 0.00 1.00 18.13 0.00 0.00
37.94 10.72 109.55 0.00 0.00 1.00 18.13 0.00 0.00
47.51 10.87 110.95 0.00 0.00 1.00 18.13 0.00 0.00
48.00 20.85 111.50 0.00 0.00 1.00 18.76 0.00 0.00
48.50 30.83 112.05 0.00 0.00 1.00 18.76 0.00 0.00
48.99 40.81 112.61 0.00 0.00 1.00 18.76 0.00 0.00
49.48 50.79 113.16 0.00 0.00 1.00 18.76 0.00 0.00
49.97 60.76 113.71 0.00 0.00 1.00 18.76 0.00 0.00
50.40 68.06 113.65 0.00 0.00 1.00 13.71 0.00 0.00
50.83 75.36 113.59 0.00 0.00 1.00 13.71 0.00 0.00
51.26 82.66 113.53 0.00 0.00 1.00 13.71 0.00 0.00
51.69 89.96 113.47 0.00 0.00 1.00 13.71 0.00 0.00
52.12 97.26 113.41 0.00 0.00 1.00 13.71 0.00 0.00
51.18 106.94 112.79 0.00 0.00 1.00 18.26 0.00 0.00
50.24 116.61 112.17 0.00 0.00 1.00 18.26 0.00 0.00
49.30 126.29 111.56 0.00 0.00 1.00 18.26 0.00 0.00
48.36 135.97 110.94 0.00 0.00 1.00 18.26 0.00 0.00
47.42 145.64 110.33 0.00 0.00 1.00 18.26 0.00 0.00
38.40 144.44 109.84 0.00 0.00 1.00 17.08 0.00 0.00
29.39 143.24 109.35 0.00 0.00 1.00 17.08 0.00 0.00
20.38 142.03 108.86 0.00 0.00 1.00 17.08 0.00 0.00
11.36 140.83 108.37 0.00 0.00 1.00 17.08 0.00 0.00
2.35 139.63 107.88 0.00 0.00 1.00 17.08 0.00 0.00
2.80 130.50 108.92 0.00 0.00 1.00 17.25 0.00 0.00
3.26 121.36 109.95 0.00 0.00 1.00 17.25 0.00 0.00
3.71 112.23 110.98 0.00 0.00 1.00 17.25 0.00 0.00
4.17 103.10 112.01 0.00 0.00 1.00 17.25 0.00 0.00
4.63 93.97 113.04 0.00 0.00 1.00 17.25 0.00 0.00