0.00 0.00 2.00 0.00 0.00 1.00 0.00 0.00 0.00
100.00 0.00 2.00 0.00 0.00 1.00 185.00 0.00 0.00
100.00 0.00 4.00 0.00 0.00 1.00 0.00 0.00 0.00
0.00 33.33 4.00 0.00 0.00 1.00 0.00 0.00 0.00
0.00 33.33 2.00 0.00 0.00 1.00 0.00 0.00 0.00
100.00 33.33 2.00 0.00 0.00 1.00 185.00 0.00 0.00
100.00 33.33 4.00 0.00 0.00 1.00 0.00 0.00 0.00
0.00 66.67 4.00 0.00 0.00 1.00 0.00 0.00 0.00
0.00 66.67 2.00 0.00 0.00 1.00 0.00 0.00 0.00
100.00 66.67 2.00 0.00 0.00 1.00 185.00 0.00 0.00
100.00 66.67 4.00 0.00 0.00 1.00 0.00 0.00 0.00
0.00 100.00 4.00 0.00 0.00 1.00 0.00 0.00 0.00
0.00 100.00 2.00 0.00 0.00 1.00 0.00 0.00 0.00
100.00 100.00 2.00 0.00 0.00 1.00 185.00 0.00 0.00
100.00 100.00 4.00 0.00 0.00 1.00 0.00 0.00 0.00
100.00 100.00 4.00 0.00 0.00 1.00 0.00 0.00 0.00
